[gd_scene load_steps=9 format=3 uid="uid://354y0re3jbp8"]

[ext_resource type="Script" path="res://levels/level.gd" id="1_k3xgx"]
[ext_resource type="PackedScene" uid="uid://cyclv70ecyeu4" path="res://entities/enemies/enemy.tscn" id="2_nwuhg"]
[ext_resource type="PackedScene" uid="uid://cie0qj7fbya4q" path="res://entities/building.tscn" id="3_5oswg"]
[ext_resource type="Texture2D" uid="uid://dequ1ob5rtdl3" path="res://assets/textures/Concete_256.png" id="4_bns5p"]

[sub_resource type="ProceduralSkyMaterial" id="ProceduralSkyMaterial_vvl54"]
sun_angle_max = 15.0

[sub_resource type="Sky" id="Sky_g1upr"]
sky_material = SubResource("ProceduralSkyMaterial_vvl54")

[sub_resource type="Environment" id="Environment_y841m"]
background_mode = 2
sky = SubResource("Sky_g1upr")
fog_enabled = true
fog_light_color = Color(0.713726, 0.741176, 0.784314, 1)
fog_density = 0.05

[sub_resource type="StandardMaterial3D" id="StandardMaterial3D_jxgqt"]
albedo_texture = ExtResource("4_bns5p")
metallic_specular = 0.0
uv1_scale = Vector3(20, 20, 20)

[node name="DemoLevel" type="Node3D"]
script = ExtResource("1_k3xgx")

[node name="WorldEnvironment" type="WorldEnvironment" parent="."]
environment = SubResource("Environment_y841m")

[node name="DirectionalLight3D" type="DirectionalLight3D" parent="."]
transform = Transform3D(0.846537, 0.137777, -0.514191, 0, 0.965926, 0.258819, 0.53233, -0.2191, 0.817692, 0.195959, 0.820304, 0.386296)
light_color = Color(0.713726, 0.741176, 0.784314, 1)
light_energy = 0.5
shadow_enabled = true

[node name="PlayerSpawn" type="Marker3D" parent="."]
transform = Transform3D(1, 0, 0, 0, 1, 0, 0, 0, 1, 0, 2.5131, 0)

[node name="Entities" type="Node3D" parent="." groups=["entities_layer"]]

[node name="Enemy" parent="Entities" instance=ExtResource("2_nwuhg")]
transform = Transform3D(1, 0, 0, 0, 1, 0, 0, 0, 1, 5.91962, 0.5, -48.3817)

[node name="Enemy2" parent="Entities" instance=ExtResource("2_nwuhg")]
transform = Transform3D(1, 0, 0, 0, 1, 0, 0, 0, 1, -5.08975, 0.5, -48.3817)

[node name="Enemy3" parent="Entities" instance=ExtResource("2_nwuhg")]
transform = Transform3D(1, 0, 0, 0, 1, 0, 0, 0, 1, -5.08975, 0.5, 46.6619)

[node name="Enemy4" parent="Entities" instance=ExtResource("2_nwuhg")]
transform = Transform3D(1, 0, 0, 0, 1, 0, 0, 0, 1, 6.92971, 0.5, 46.6619)

[node name="Enemy5" parent="Entities" instance=ExtResource("2_nwuhg")]
transform = Transform3D(1, 0, 0, 0, 1, 0, 0, 0, 1, -20.8516, 0.5, 35.8826)

[node name="Enemy6" parent="Entities" instance=ExtResource("2_nwuhg")]
transform = Transform3D(1, 0, 0, 0, 1, 0, 0, 0, 1, -8.83212, 2.55439, 35.8826)

[node name="Enemy7" parent="Entities" instance=ExtResource("2_nwuhg")]
transform = Transform3D(1, 0, 0, 0, 1, 0, 0, 0, 1, -20.8516, 2.55439, 30.8826)

[node name="Enemy8" parent="Entities" instance=ExtResource("2_nwuhg")]
transform = Transform3D(1, 0, 0, 0, 1, 0, 0, 0, 1, -8.83212, 2.55439, 30.8826)

[node name="Enemy9" parent="Entities" instance=ExtResource("2_nwuhg")]
transform = Transform3D(1, 0, 0, 0, 1, 0, 0, 0, 1, -20.8516, 2.55439, 26.5375)

[node name="Enemy10" parent="Entities" instance=ExtResource("2_nwuhg")]
transform = Transform3D(1, 0, 0, 0, 1, 0, 0, 0, 1, -8.83212, 2.55439, 26.5375)

[node name="Enemy11" parent="Entities" instance=ExtResource("2_nwuhg")]
transform = Transform3D(1, 0, 0, 0, 1, 0, 0, 0, 1, 12.1858, 2.55439, 26.5375)

[node name="Enemy12" parent="Entities" instance=ExtResource("2_nwuhg")]
transform = Transform3D(1, 0, 0, 0, 1, 0, 0, 0, 1, 24.2053, 2.55439, 26.5375)

[node name="Enemy13" parent="Entities" instance=ExtResource("2_nwuhg")]
transform = Transform3D(0.74023, 0, 0.672354, 0, 1, 0, -0.672354, 0, 0.74023, 13.747, 2.55439, 30.5782)

[node name="Enemy14" parent="Entities" instance=ExtResource("2_nwuhg")]
transform = Transform3D(0.74023, 0, 0.672354, 0, 1, 0, -0.672354, 0, 0.74023, 22.6441, 2.55439, 22.4969)

[node name="Enemy15" parent="Entities" instance=ExtResource("2_nwuhg")]
transform = Transform3D(0.74023, 0, 0.672354, 0, 1, 0, -0.672354, 0, 0.74023, 19.0413, 0.76181, 30.5782)

[node name="Enemy16" parent="Entities" instance=ExtResource("2_nwuhg")]
transform = Transform3D(0.74023, 0, 0.672354, 0, 1, 0, -0.672354, 0, 0.74023, 27.9385, 0.76181, 22.4969)

[node name="Enemy17" parent="Entities" instance=ExtResource("2_nwuhg")]
transform = Transform3D(0.325832, 0, 0.945428, 0, 1, 0, -0.945428, 0, 0.325832, 14.8565, 0.235132, 32.2193)

[node name="Enemy18" parent="Entities" instance=ExtResource("2_nwuhg")]
transform = Transform3D(0.325832, 0, 0.945428, 0, 1, 0, -0.945428, 0, 0.325832, 18.7729, 0.235132, 20.8558)

[node name="Enemy19" parent="Entities" instance=ExtResource("2_nwuhg")]
transform = Transform3D(0.325832, 0, 0.945428, 0, 1, 0, -0.945428, 0, 0.325832, 14.8565, 0.235132, 6.47861)

[node name="Enemy20" parent="Entities" instance=ExtResource("2_nwuhg")]
transform = Transform3D(0.325832, 0, 0.945428, 0, 1, 0, -0.945428, 0, 0.325832, 18.7729, 0.235132, -4.88491)

[node name="Enemy21" parent="Entities" instance=ExtResource("2_nwuhg")]
transform = Transform3D(-0.56354, 0, 0.826089, 0, 1, 0, -0.826089, 0, -0.56354, 20.2014, 0.235132, 5.76142)

[node name="Enemy22" parent="Entities" instance=ExtResource("2_nwuhg")]
transform = Transform3D(-0.56354, 0, 0.826089, 0, 1, 0, -0.826089, 0, -0.56354, 13.428, 0.235132, -4.16772)

[node name="Enemy23" parent="Entities" instance=ExtResource("2_nwuhg")]
transform = Transform3D(-0.56354, 0, 0.826089, 0, 1, 0, -0.826089, 0, -0.56354, 20.2014, 0.235132, -24.687)

[node name="Enemy24" parent="Entities" instance=ExtResource("2_nwuhg")]
transform = Transform3D(-0.56354, 0, 0.826089, 0, 1, 0, -0.826089, 0, -0.56354, 13.428, 0.235132, -34.6161)

[node name="Enemy25" parent="Entities" instance=ExtResource("2_nwuhg")]
transform = Transform3D(-0.985636, 0, -0.168885, 0, 1, 0, 0.168885, 0, -0.985636, 18.2293, -0.464117, -55.2601)

[node name="Enemy26" parent="Entities" instance=ExtResource("2_nwuhg")]
transform = Transform3D(-0.985636, 0, -0.168885, 0, 1, 0, 0.168885, 0, -0.985636, 6.3825, -0.464117, -53.2302)

[node name="Enemy27" parent="Entities" instance=ExtResource("2_nwuhg")]
transform = Transform3D(-0.985636, 0, -0.168885, 0, 1, 0, 0.168885, 0, -0.985636, 18.2293, -0.464117, -55.2601)

[node name="Enemy28" parent="Entities" instance=ExtResource("2_nwuhg")]
transform = Transform3D(-0.985636, 0, -0.168885, 0, 1, 0, 0.168885, 0, -0.985636, 6.3825, -0.464117, -53.2302)

[node name="Building" parent="Entities" instance=ExtResource("3_5oswg")]
transform = Transform3D(1, 0, 0, 0, 1, 0, 0, 0, 1, -4.18479, 0, -12.089)

[node name="Building2" parent="Entities" instance=ExtResource("3_5oswg")]
transform = Transform3D(1, 0, 0, 0, 1, 0, 0, 0, 1, 4.81521, 0.881836, -12.089)
size = Vector3(1, 2.76367, 1)

[node name="Building13" parent="Entities" instance=ExtResource("3_5oswg")]
transform = Transform3D(1, 0, 0, 0, 1, 0, 0, 0, 1, 4.81521, 0.881836, -23.9064)
size = Vector3(1, 2.76367, 1)

[node name="Building14" parent="Entities" instance=ExtResource("3_5oswg")]
transform = Transform3D(1, 0, 0, 0, 1, 0, 0, 0, 1, 4.81521, 0.881836, -32.6548)
size = Vector3(1, 2.76367, 1)

[node name="Building24" parent="Entities" instance=ExtResource("3_5oswg")]
transform = Transform3D(1, 0, 0, 0, 1, 0, 0, 0, 1, 4.81521, 0.881836, 14.4463)
size = Vector3(1, 2.76367, 1)

[node name="Building15" parent="Entities" instance=ExtResource("3_5oswg")]
transform = Transform3D(1, 0, 0, 0, 1, 0, 0, 0, 1, 4.81521, 0.881836, 11.6714)
size = Vector3(1, 2.76367, 1)

[node name="Building16" parent="Entities" instance=ExtResource("3_5oswg")]
transform = Transform3D(1, 0, 0, 0, 1, 0, 0, 0, 1, 4.81521, 0.881836, 25.5634)
size = Vector3(1, 2.76367, 1)

[node name="Building3" parent="Entities" instance=ExtResource("3_5oswg")]
transform = Transform3D(1, 0, 0, 0, 1, 0, 0, 0, 1, 4.66774, 0.881836, -15.0455)
size = Vector3(1.29492, 2.76367, 1)

[node name="Building4" parent="Entities" instance=ExtResource("3_5oswg")]
transform = Transform3D(1, 0, 0, 0, 1, 0, 0, 0, 1, 4.93532, 0.881836, -18.2139)
size = Vector3(1.83008, 2.76367, 1)

[node name="Building20" parent="Entities" instance=ExtResource("3_5oswg")]
transform = Transform3D(1, 0, 0, 0, 1, 0, 0, 0, 1, 4.93532, 0.881836, -3.67591)
size = Vector3(1.83008, 2.76367, 1)

[node name="Building21" parent="Entities" instance=ExtResource("3_5oswg")]
transform = Transform3D(1, 0, 0, 0, 1, 0, 0, 0, 1, 4.93532, 0.881836, 19.2925)
size = Vector3(1.83008, 2.76367, 1)

[node name="Building22" parent="Entities" instance=ExtResource("3_5oswg")]
transform = Transform3D(1, 0, 0, 0, 1, 0, 0, 0, 1, -3.81417, 0.881836, 19.2925)
size = Vector3(1.83008, 2.76367, 1)

[node name="Building23" parent="Entities" instance=ExtResource("3_5oswg")]
transform = Transform3D(1, 0, 0, 0, 1, 0, 0, 0, 1, -2.66842, 5.68481, 1.6266)
size = Vector3(4.12158, 12.3696, 3.34351)

[node name="Building32" parent="Entities" instance=ExtResource("3_5oswg")]
transform = Transform3D(1, 0, 0, 0, 1, 0, 0, 0, 1, -8.82076, 5.68481, 1.6266)
size = Vector3(4.12158, 12.3696, 3.34351)

[node name="Building5" parent="Entities" instance=ExtResource("3_5oswg")]
transform = Transform3D(1, 0, 0, 0, 1, 0, 0, 0, 1, 4.93532, 0.47168, -20.8719)
size = Vector3(1.83008, 1.94336, 1)

[node name="Building27" parent="Entities" instance=ExtResource("3_5oswg")]
transform = Transform3D(1, 0, 0, 0, 1, 0, 0, 0, 1, 4.93532, 0.47168, 5.77606)
size = Vector3(1.83008, 1.94336, 1)

[node name="Building28" parent="Entities" instance=ExtResource("3_5oswg")]
transform = Transform3D(1, 0, 0, 0, 1, 0, 0, 0, 1, 4.93532, 0.47168, 22.1787)
size = Vector3(1.83008, 1.94336, 1)

[node name="Building29" parent="Entities" instance=ExtResource("3_5oswg")]
transform = Transform3D(1, 0, 0, 0, 1, 0, 0, 0, 1, -4.06468, 0.47168, 22.1787)
size = Vector3(1.83008, 1.94336, 1)

[node name="Building6" parent="Entities" instance=ExtResource("3_5oswg")]
transform = Transform3D(1, 0, 0, 0, 1, 0, 0, 0, 1, -3.24424, 0.47168, -20.1458)
size = Vector3(1.83008, 1.94336, 2.45215)

[node name="Building17" parent="Entities" instance=ExtResource("3_5oswg")]
transform = Transform3D(1, 0, 0, 0, 1, 0, 0, 0, 1, -3.24424, 0.47168, 7.24165)
size = Vector3(1.83008, 1.94336, 2.45215)

[node name="Building18" parent="Entities" instance=ExtResource("3_5oswg")]
transform = Transform3D(1, 0, 0, 0, 1, 0, 0, 0, 1, -3.24424, 0.47168, 28.1615)
size = Vector3(1.83008, 1.94336, 2.45215)

[node name="Building19" parent="Entities" instance=ExtResource("3_5oswg")]
transform = Transform3D(1, 0, 0, 0, 1, 0, 0, 0, 1, -3.24424, 0.47168, 37.1207)
size = Vector3(1.83008, 1.94336, 2.45215)

[node name="Building7" parent="Entities" instance=ExtResource("3_5oswg")]
transform = Transform3D(1, 0, 0, 0, 1, 0, 0, 0, 1, -3.24424, -0.0185547, -24.3362)
size = Vector3(1.83008, 0.962891, 2.45215)

[node name="Building8" parent="Entities" instance=ExtResource("3_5oswg")]
transform = Transform3D(1, 0, 0, 0, 1, 0, 0, 0, 1, -3.24424, -0.0185547, -30.5972)
size = Vector3(1.83008, 0.962891, 0.882324)

[node name="Building9" parent="Entities" instance=ExtResource("3_5oswg")]
transform = Transform3D(1, 0, 0, 0, 1, 0, 0, 0, 1, -3.24424, -0.0185547, -18.0419)
size = Vector3(1.83008, 0.962891, 0.882324)

[node name="Building10" parent="Entities" instance=ExtResource("3_5oswg")]
transform = Transform3D(1, 0, 0, 0, 1, 0, 0, 0, 1, -3.24424, -0.0185547, -10.2085)
size = Vector3(1.83008, 0.962891, 0.882324)

[node name="Building30" parent="Entities" instance=ExtResource("3_5oswg")]
transform = Transform3D(1, 0, 0, 0, 1, 0, 0, 0, 1, -3.24424, -0.0185547, -2.35218)
size = Vector3(1.83008, 0.962891, 0.882324)

[node name="Building31" parent="Entities" instance=ExtResource("3_5oswg")]
transform = Transform3D(1, 0, 0, 0, 1, 0, 0, 0, 1, -3.24424, -0.0185547, 15.5902)
size = Vector3(1.83008, 0.962891, 0.882324)

[node name="Building11" parent="Entities" instance=ExtResource("3_5oswg")]
transform = Transform3D(1, 0, 0, 0, 1, 0, 0, 0, 1, -3.24424, -0.0185547, -27.519)
size = Vector3(1.83008, 0.962891, 0.882324)

[node name="Building25" parent="Entities" instance=ExtResource("3_5oswg")]
transform = Transform3D(1, 0, 0, 0, 1, 0, 0, 0, 1, -3.24424, -0.0185547, -6.65963)
size = Vector3(1.83008, 0.962891, 0.882324)

[node name="Building26" parent="Entities" instance=ExtResource("3_5oswg")]
transform = Transform3D(1, 0, 0, 0, 1, 0, 0, 0, 1, -3.24424, -0.0185547, 13.4146)
size = Vector3(1.83008, 0.962891, 0.882324)

[node name="Building12" parent="Entities" instance=ExtResource("3_5oswg")]
transform = Transform3D(1, 0, 0, 0, 1, 0, 0, 0, 1, 5.53339, -0.0185547, -27.519)
size = Vector3(1.83008, 0.962891, 0.882324)

[node name="LevelTerrain" type="Node3D" parent="."]

[node name="CSGBox3D" type="CSGBox3D" parent="LevelTerrain"]
transform = Transform3D(1, 0, 0, 0, 1, 0, 0, 0, 1, -0.191699, -0.539013, 0.259293)
use_collision = true
size = Vector3(100, 0.04, 100)
material = SubResource("StandardMaterial3D_jxgqt")
